3
"reco p_{p}" "GeV/c" "reco $p_{\mu}$" "GeV$/c$"
"reco cos#theta_{p}" "" "reco $\cos\theta_{\mu}$" ""
"reco bin number" "" "reco bin number" ""
3
"events"
1 1 10 -1 -0.5 0 0.27 0.45 0.62 0.76 0.86 0.94 1
0
9
0 1 1
1 1 2
2 1 3
3 1 4
4 1 5
5 1 6
6 1 7
7 1 8
8 1 9
"events"
1 0 11 0.25 0.41 0.495 0.56 0.62 0.68 0.74 0.8 0.87 0.93 1.2
0
10
9 1 1
10 1 2
11 1 3
12 1 4
13 1 5
14 1 6
15 1 7
16 1 8
17 1 9
18 1 10
"events"
1 2 20 0 1 2 3 4 5 6 7 8 9 10 11 12 13 14 15 16 17 18 19
0
19
0 1 1
1 1 2
2 1 3
3 1 4
4 1 5
5 1 6
6 1 7
7 1 8
8 1 9
9 1 10
10 1 11
11 1 12
12 1 13
13 1 14
14 1 15
15 1 16
16 1 17
17 1 18
18 1 19