3
"p_{p}" "GeV" "$p_{p}$" "GeV$/c$"
"cos#theta_{p}" "" "$\cos\theta_{p}$" ""
"true bin number" "" "true bin number" ""
17
"events"
1 1 5 -1 -0.5 0.1 0.6 1
1 0 0.25 0.325
4
0 1 1
1 1 2
2 1 3
3 1 4
"events"
1 1 8 -1 -0.7 -0.4 0 0.4 0.6 0.8 1
1 0 0.325 0.4
7
4 1 1
5 1 2
6 1 3
7 1 4
8 1 5
9 1 6
10 1 7
"events"
1 1 8 -1 -0.6 -0.2 0.2 0.5 0.65 0.85 1
1 0 0.4 0.45
7
11 1 1
12 1 2
13 1 3
14 1 4
15 1 5
16 1 6
17 1 7
"events"
1 1 10 -1 -0.4 0 0.2 0.4 0.55 0.65 0.8 0.92 1
1 0 0.45 0.5
9
18 1 1
19 1 2
20 1 3
21 1 4
22 1 5
23 1 6
24 1 7
25 1 8
26 1 9
"events"
1 1 10 -1 -0.2 0.2 0.4 0.5 0.6 0.7 0.8 0.9 1
1 0 0.5 0.55
9
27 1 1
28 1 2
29 1 3
30 1 4
31 1 5
32 1 6
33 1 7
34 1 8
35 1 9
"events"
1 1 9 -1 0 0.3 0.5 0.6 0.7 0.8 0.9 1
1 0 0.55 0.6
8
36 1 1
37 1 2
38 1 3
39 1 4
40 1 5
41 1 6
42 1 7
43 1 8
"events"
1 1 9 -1 0.1 0.37 0.5 0.6 0.7 0.8 0.9 1
1 0 0.6 0.65
8
44 1 1
45 1 2
46 1 3
47 1 4
48 1 5
49 1 6
50 1 7
51 1 8
"events"
1 1 8 -1 0.3 0.5 0.6 0.7 0.8 0.9 1
1 0 0.65 0.7
7
52 1 1
53 1 2
54 1 3
55 1 4
56 1 5
57 1 6
58 1 7
"events"
1 1 7 -1 0.45 0.65 0.75 0.82 0.9 1
1 0 0.7 0.75
6
59 1 1
60 1 2
61 1 3
62 1 4
63 1 5
64 1 6
"events"
1 1 6 -1 0.55 0.7 0.8 0.87 1
1 0 0.75 0.8
5
65 1 1
66 1 2
67 1 3
68 1 4
69 1 5
"events"
1 1 5 -1 0.65 0.78 0.89 1
1 0 0.8 0.85
4
70 1 1
71 1 2
72 1 3
73 1 4
"events"
1 1 4 -1 0.73 0.86 1
1 0 0.85 0.9
3
74 1 1
75 1 2
76 1 3
"events"
1 1 4 -1 0.77 0.88 1
1 0 0.9 0.975
3
77 1 1
78 1 2
79 1 3
"events"
1 1 3 -1 0.84 1
1 0 0.975 1.2
2
80 1 1
81 1 2
"events"
1 2 83 0 1 2 3 4 5 6 7 8 9 10 11 12 13 14 15 16 17 18 19 20 21 22 23 24 25 26 27 28 29 30 31 32 33 34 35 36 37 38 39 40 41 42 43 44 45 46 47 48 49 50 51 52 53 54 55 56 57 58 59 60 61 62 63 64 65 66 67 68 69 70 71 72 73 74 75 76 77 78 79 80 81 82
0
82
0 1 1
1 1 2
2 1 3
3 1 4
4 1 5
5 1 6
6 1 7
7 1 8
8 1 9
9 1 10
10 1 11
11 1 12
12 1 13
13 1 14
14 1 15
15 1 16
16 1 17
17 1 18
18 1 19
19 1 20
20 1 21
21 1 22
22 1 23
23 1 24
24 1 25
25 1 26
26 1 27
27 1 28
28 1 29
29 1 30
30 1 31
31 1 32
32 1 33
33 1 34
34 1 35
35 1 36
36 1 37
37 1 38
38 1 39
39 1 40
40 1 41
41 1 42
42 1 43
43 1 44
44 1 45
45 1 46
46 1 47
47 1 48
48 1 49
49 1 50
50 1 51
51 1 52
52 1 53
53 1 54
54 1 55
55 1 56
56 1 57
57 1 58
58 1 59
59 1 60
60 1 61
61 1 62
62 1 63
63 1 64
64 1 65
65 1 66
66 1 67
67 1 68
68 1 69
69 1 70
70 1 71
71 1 72
72 1 73
73 1 74
74 1 75
75 1 76
76 1 77
77 1 78
78 1 79
79 1 80
80 1 81
81 1 82
"events"
1 0 15 0.25 0.325 0.4 0.45 0.5 0.55 0.6 0.65 0.7 0.75 0.8 0.85 0.9 0.975 1.2
0
82
0 1 1
1 1 1
2 1 1
3 1 1
4 1 2
5 1 2
6 1 2
7 1 2
8 1 2
9 1 2
10 1 2
11 1 3
12 1 3
13 1 3
14 1 3
15 1 3
16 1 3
17 1 3
18 1 4
19 1 4
20 1 4
21 1 4
22 1 4
23 1 4
24 1 4
25 1 4
26 1 4
27 1 5
28 1 5
29 1 5
30 1 5
31 1 5
32 1 5
33 1 5
34 1 5
35 1 5
36 1 6
37 1 6
38 1 6
39 1 6
40 1 6
41 1 6
42 1 6
43 1 6
44 1 7
45 1 7
46 1 7
47 1 7
48 1 7
49 1 7
50 1 7
51 1 7
52 1 8
53 1 8
54 1 8
55 1 8
56 1 8
57 1 8
58 1 8
59 1 9
60 1 9
61 1 9
62 1 9
63 1 9
64 1 9
65 1 10
66 1 10
67 1 10
68 1 10
69 1 10
70 1 11
71 1 11
72 1 11
73 1 11
74 1 12
75 1 12
76 1 12
77 1 13
78 1 13
79 1 13
80 1 14
81 1 14
"events"
1 1 2 -1.0 1.0
1 0 0.25 1.2
82
0 1 1
1 1 1
2 1 1
3 1 1
4 1 1
5 1 1
6 1 1
7 1 1
8 1 1
9 1 1
10 1 1
11 1 1
12 1 1
13 1 1
14 1 1
15 1 1
16 1 1
17 1 1
18 1 1
19 1 1
20 1 1
21 1 1
22 1 1
23 1 1
24 1 1
25 1 1
26 1 1
27 1 1
28 1 1
29 1 1
30 1 1
31 1 1
32 1 1
33 1 1
34 1 1
35 1 1
36 1 1
37 1 1
38 1 1
39 1 1
40 1 1
41 1 1
42 1 1
43 1 1
44 1 1
45 1 1
46 1 1
47 1 1
48 1 1
49 1 1
50 1 1
51 1 1
52 1 1
53 1 1
54 1 1
55 1 1
56 1 1
57 1 1
58 1 1
59 1 1
60 1 1
61 1 1
62 1 1
63 1 1
64 1 1
65 1 1
66 1 1
67 1 1
68 1 1
69 1 1
70 1 1
71 1 1
72 1 1
73 1 1
74 1 1
75 1 1
76 1 1
77 1 1
78 1 1
79 1 1
80 1 1
81 1 1
