3
"p_{#mu}" "GeV" "$p_{\mu}$" "GeV$/c$"
"cos#theta_{#mu}" "" "$\cos\theta_{\mu}$" ""
"true bin number" "" "true bin number" ""
13
"events"
1 1 3 -1 0 1
1 0 0.1 0.17
2
0 1 1
1 1 2
"events"
1 1 4 -1 -0.2 0.4 1
1 0 0.17 0.21
3
2 1 1
3 1 2
4 1 3
"events"
1 1 4 -1 -0.2 0.4 1
1 0 0.21 0.24
3
5 1 1
6 1 2
7 1 3
"events"
1 1 4 -1 -0.1 0.5 1
1 0 0.24 0.27
3
8 1 1
9 1 2
10 1 3
"events"
1 1 5 -1 -0.1 0.35 0.6 1
1 0 0.27 0.3
4
11 1 1
12 1 2
13 1 3
14 1 4
"events"
1 1 9 -1 -0.4 -0.1 0.1 0.35 0.5 0.7 0.85 1
1 0 0.3 0.38
8
15 1 1
16 1 2
17 1 3
18 1 4
19 1 5
20 1 6
21 1 7
22 1 8
"events"
1 1 7 -1 0 0.5 0.65 0.8 0.92 1
1 0 0.38 0.48
6
23 1 1
24 1 2
25 1 3
26 1 4
27 1 5
28 1 6
"events"
1 1 8 -1 0.2 0.5 0.65 0.8 0.875 0.95 1
1 0 0.48 0.75
7
29 1 1
30 1 2
31 1 3
32 1 4
33 1 5
34 1 6
35 1 7
"events"
1 1 6 -1 0.5 0.8 0.875 0.95 1
1 0 0.75 1.14
5
36 1 1
37 1 2
38 1 3
39 1 4
40 1 5
"events"
1 1 5 -1 0.85 0.9 0.95 1
1 0 1.14 2.5
4
41 1 1
42 1 2
43 1 3
44 1 4
"events"
1 1 2 -1.0 1.0
1 0 2.5 2.5
1
45 1 1"events"
1 2 47 0 1 2 3 4 5 6 7 8 9 10 11 12 13 14 15 16 17 18 19 20 21 22 23 24 25 26 27 28 29 30 31 32 33 34 35 36 37 38 39 40 41 42 43 44 45 46
0
46
0 1 1
1 1 2
2 1 3
3 1 4
4 1 5
5 1 6
6 1 7
7 1 8
8 1 9
9 1 10
10 1 11
11 1 12
12 1 13
13 1 14
14 1 15
15 1 16
16 1 17
17 1 18
18 1 19
19 1 20
20 1 21
21 1 22
22 1 23
23 1 24
24 1 25
25 1 26
26 1 27
27 1 28
28 1 29
29 1 30
30 1 31
31 1 32
32 1 33
33 1 34
34 1 35
35 1 36
36 1 37
37 1 38
38 1 39
39 1 40
40 1 41
41 1 42
42 1 43
43 1 44
44 1 45
45 1 46
"events"
1 0 11 0.1 0.17 0.21 0.24 0.27 0.3 0.38 0.48 0.75 1.14 2.5
0
45
0 1 1
1 1 1
2 1 2
3 1 2
4 1 2
5 1 3
6 1 3
7 1 3
8 1 4
9 1 4
10 1 4
11 1 5
12 1 5
13 1 5
14 1 5
15 1 6
16 1 6
17 1 6
18 1 6
19 1 6
20 1 6
21 1 6
22 1 6
23 1 7
24 1 7
25 1 7
26 1 7
27 1 7
28 1 7
29 1 8
30 1 8
31 1 8
32 1 8
33 1 8
34 1 8
35 1 8
36 1 9
37 1 9
38 1 9
39 1 9
40 1 9
41 1 10
42 1 10
43 1 10
44 1 10
